Ala:  0.310  1.28278 
Arg: -1.010  -4.17938
Asn: -0.600  -2.4828 
Asp: -0.770  -3.18626
Cys:  1.540  6.37252 
Gln: -0.220  -0.91036
Glu: -0.640  -2.64832
Gly:  0.000  0       
His:  0.130  0.53794 
Ile:  1.800  7.4484  
Leu:  1.700  7.0346  
Lys: -0.990  -4.09662
Met:  1.230  5.08974 
Phe:  1.790  7.40702 
Pro:  0.720  2.97936 
Ser: -0.040  -0.16552
Thr:  0.260  1.07588
Trp:  2.250  9.3105
Tyr:  0.960  3.97248
Val:  1.220  5.04836
